411107121
411106326
411106309
411106309
411106239
411106221
411106203
411106052
411105984
411105968
411105957
411105956
411105955
411105937
411105931
411105877
411105872
411105867
411105744
411105657
411105653
411105637
411105303
411105260
411105231
411105192
411105185
411105054
411104995
411104923
411104808
411104788
411104766
411104724
411104714
411104596
411104585
411104579
411104530
411104491
411104421
411104410
411104320
411104313
411104294
411104287
411104285
411104261
411104216
411104175
411104151
411104137
411104119
411104081
411104070
411104035
411103982
411103976
411103922
411103922
411103871
411103843
411103817
411103809
411103719
411103714
411103634
411103627
411103617
411103612
411103603
41176929
41170196